# unix_time, cycles_done, cur_path, paths_total, pending_total, pending_favs, map_size, unique_crashes, unique_hangs, max_depth, execs_per_sec
1569810233, 0, 0, 1, 1, 1, 0.23%, 0, 0, 1, 18.18
1569810238, 0, 0, 8, 8, 1, 0.25%, 0, 0, 2, 18.18
1569810244, 0, 0, 14, 14, 1, 0.25%, 0, 0, 2, 18.46
1569810249, 0, 0, 18, 18, 1, 0.26%, 0, 0, 2, 18.42
1569810254, 0, 0, 21, 21, 1, 0.27%, 0, 0, 2, 18.43
1569810259, 0, 0, 26, 26, 1, 0.28%, 0, 0, 2, 17.34
1569810264, 0, 0, 27, 27, 1, 0.28%, 0, 0, 2, 16.60
1569810269, 0, 0, 31, 31, 1, 0.28%, 0, 0, 2, 16.74
1569810274, 0, 0, 33, 33, 1, 0.28%, 0, 0, 2, 16.26
1569810280, 0, 0, 35, 35, 1, 0.28%, 0, 0, 2, 16.16
1569810285, 0, 0, 36, 36, 1, 0.28%, 0, 0, 2, 15.37
1569810295, 0, 0, 38, 38, 1, 0.31%, 0, 0, 2, 16.51
1569810300, 0, 0, 40, 40, 1, 0.31%, 0, 0, 2, 17.68
1569810310, 0, 0, 41, 41, 1, 0.32%, 0, 0, 2, 17.32
1569810315, 0, 0, 46, 46, 1, 0.33%, 0, 0, 2, 18.41
1569810320, 0, 0, 49, 49, 1, 0.34%, 0, 0, 2, 18.31
1569810325, 0, 0, 51, 51, 1, 0.34%, 0, 0, 2, 18.22
1569810330, 0, 0, 56, 56, 1, 0.35%, 0, 0, 2, 18.60
1569810335, 0, 0, 58, 58, 1, 0.36%, 0, 0, 2, 18.35
1569810340, 0, 0, 59, 59, 1, 0.36%, 0, 0, 2, 18.23
1569810356, 0, 0, 60, 60, 1, 0.36%, 0, 0, 2, 18.45
1569810361, 0, 0, 63, 63, 1, 0.37%, 0, 0, 2, 18.69
1569810366, 0, 0, 66, 66, 1, 0.37%, 0, 0, 2, 19.01
1569810371, 0, 0, 68, 68, 1, 0.38%, 0, 0, 2, 18.77
1569810376, 0, 0, 69, 69, 1, 0.38%, 0, 0, 2, 19.07
1569810381, 0, 0, 72, 72, 1, 0.40%, 0, 0, 2, 18.98
1569810386, 0, 0, 74, 74, 1, 0.40%, 0, 0, 2, 19.16
1569810391, 0, 0, 75, 75, 1, 0.40%, 0, 0, 2, 18.82
1569810402, 0, 0, 77, 77, 1, 0.41%, 0, 0, 2, 18.90
1569810407, 0, 0, 80, 80, 1, 0.41%, 0, 0, 2, 19.03
1569810417, 0, 0, 81, 81, 1, 0.41%, 0, 0, 2, 18.87
1569810422, 0, 0, 83, 83, 1, 0.41%, 0, 0, 2, 18.85
1569810427, 0, 0, 84, 84, 1, 0.41%, 0, 0, 2, 18.75
1569810432, 0, 0, 86, 86, 1, 0.41%, 0, 0, 2, 17.54
1569810438, 0, 0, 87, 87, 1, 0.42%, 0, 0, 2, 17.66
1569810443, 0, 0, 90, 90, 1, 0.42%, 0, 0, 2, 18.12
1569810448, 0, 0, 91, 91, 1, 0.42%, 0, 0, 2, 17.82
1569810453, 0, 0, 93, 93, 1, 0.43%, 0, 0, 2, 16.44
1569810458, 0, 0, 94, 94, 1, 0.43%, 0, 0, 2, 17.31
1569810463, 0, 0, 95, 95, 1, 0.43%, 0, 0, 2, 17.60
1569810474, 0, 0, 97, 97, 1, 0.44%, 0, 0, 2, 17.97
1569810479, 0, 0, 99, 99, 1, 0.44%, 0, 0, 2, 16.67
1569810484, 0, 0, 100, 100, 1, 0.44%, 0, 0, 2, 17.50
1569810489, 0, 0, 101, 101, 1, 0.44%, 0, 0, 2, 17.36
1569810499, 0, 0, 102, 102, 1, 0.44%, 0, 0, 2, 17.90
1569810504, 0, 0, 104, 104, 1, 0.46%, 1, 0, 2, 17.60
1569810514, 0, 0, 105, 105, 1, 0.46%, 1, 0, 2, 16.31
1569810519, 0, 0, 106, 106, 1, 0.46%, 1, 0, 2, 16.57
1569810525, 0, 0, 107, 107, 1, 0.47%, 1, 0, 2, 17.31
1569810530, 0, 0, 109, 109, 1, 0.47%, 1, 0, 2, 17.59
1569810535, 0, 0, 110, 110, 1, 0.47%, 1, 0, 2, 17.49
1569810550, 0, 0, 111, 111, 1, 0.47%, 1, 0, 2, 16.13
1569810555, 0, 0, 112, 112, 1, 0.47%, 1, 0, 2, 16.54
1569810576, 0, 0, 114, 114, 1, 0.47%, 1, 0, 2, 15.70
1569810607, 0, 0, 115, 115, 1, 0.47%, 1, 0, 2, 15.59
1569810617, 0, 0, 117, 117, 1, 0.47%, 1, 0, 2, 15.11
1569810633, 0, 0, 118, 118, 1, 0.47%, 1, 0, 2, 15.40
1569810638, 0, 0, 119, 119, 1, 0.48%, 1, 0, 2, 15.00
1569810643, 0, 0, 119, 119, 1, 0.48%, 2, 0, 2, 14.61
1569810648, 0, 0, 120, 120, 1, 0.48%, 2, 0, 2, 14.83
1569810663, 0, 0, 121, 121, 1, 0.48%, 2, 0, 2, 14.77
1569810674, 0, 0, 122, 122, 1, 0.48%, 2, 0, 2, 15.30
1569810694, 0, 0, 122, 122, 1, 0.48%, 2, 1, 2, 13.38
1569810699, 0, 0, 123, 123, 1, 0.48%, 3, 1, 2, 14.82
1569810720, 0, 0, 124, 124, 1, 0.48%, 3, 1, 2, 15.80
1569810725, 0, 0, 125, 125, 1, 0.48%, 3, 1, 2, 15.51
1569810740, 0, 0, 126, 126, 1, 0.48%, 3, 1, 2, 15.88
1569810745, 0, 0, 127, 127, 1, 0.48%, 3, 1, 2, 15.28
1569810760, 0, 0, 128, 128, 1, 0.49%, 3, 1, 2, 15.21
1569810776, 0, 0, 129, 129, 1, 0.49%, 3, 1, 2, 15.01
1569810816, 0, 0, 130, 130, 1, 0.49%, 3, 1, 2, 16.46
1569810857, 0, 0, 131, 131, 1, 0.49%, 3, 1, 2, 16.02
1569810862, 0, 0, 132, 132, 1, 0.49%, 3, 1, 2, 16.09
1569810867, 0, 0, 133, 133, 1, 0.49%, 3, 1, 2, 16.43
1569810888, 0, 0, 135, 135, 1, 0.49%, 3, 1, 2, 16.10
1569810898, 0, 0, 136, 136, 1, 0.49%, 3, 1, 2, 16.07
1569810903, 0, 0, 137, 137, 1, 0.49%, 3, 1, 2, 15.76
1569810913, 0, 0, 138, 138, 1, 0.49%, 3, 1, 2, 15.90
1569810919, 0, 0, 139, 139, 1, 0.49%, 3, 1, 2, 15.76
1569810929, 0, 0, 139, 139, 1, 0.49%, 4, 1, 2, 16.34
1569811809, 0, 0, 140, 140, 1, 0.49%, 4, 1, 2, 16.97
1569811814, 0, 0, 141, 141, 1, 0.49%, 4, 1, 2, 17.35
1569811839, 0, 0, 142, 142, 1, 0.49%, 4, 1, 2, 17.26
1569811850, 0, 0, 142, 142, 1, 0.49%, 4, 3, 2, 14.05
1569811855, 0, 0, 142, 142, 1, 0.49%, 4, 4, 2, 12.74
1569811873, 0, 0, 144, 144, 1, 0.50%, 4, 4, 2, 0.13
1569811878, 0, 0, 145, 145, 1, 0.50%, 4, 4, 2, 16.02
1569811898, 0, 0, 146, 146, 1, 0.50%, 4, 4, 2, 14.31
1569811934, 0, 0, 147, 147, 1, 0.50%, 4, 4, 2, 13.93
1569811944, 0, 0, 148, 148, 1, 0.50%, 4, 4, 2, 13.99
1569811964, 0, 0, 148, 148, 1, 0.50%, 5, 4, 2, 13.47
1569811970, 0, 0, 149, 149, 1, 0.50%, 5, 4, 2, 12.97
1569811995, 0, 0, 150, 150, 1, 0.50%, 5, 4, 2, 12.75
